0 1
1 2
2 10
2 15
2 17
2 18
2 28
2 35
2 45
2 48
2 55
2 62
2 71
2 75
2 76
2 81
2 82
2 90
2 94
3 20
3 34
3 50
3 54
3 58
3 70
6 15
6 23
6 26
6 48
6 50
6 59
6 69
6 71
6 91
8 1
8 2
8 6
8 9
8 15
8 17
8 32
8 36
8 42
8 47
8 57
8 59
8 60
8 65
8 69
8 71
8 75
8 77
8 78
8 79
8 80
8 88
8 90
8 93
12 10
12 21
12 34
12 40
12 84
12 92
14 21
14 22
14 82
17 20
17 49
17 85
19 0
19 1
19 6
19 10
19 15
19 26
19 28
19 33
19 36
19 38
19 44
19 46
19 48
19 52
19 53
19 56
19 59
19 61
19 62
19 63
19 64
19 65
19 69
19 79
19 82
19 86
19 87
19 93
19 96
22 5
22 6
22 11
22 24
22 25
22 26
22 27
22 29
22 31
22 32
22 37
22 38
22 41
22 42
22 46
22 54
22 68
22 73
22 76
22 81
22 88
22 92
22 93
22 97
22 99
23 7
23 38
23 44
23 96
24 8
24 33
24 35
24 45
24 46
24 51
24 55
24 66
24 82
25 4
25 8
25 16
25 19
25 21
25 26
25 27
25 28
25 32
25 37
25 38
25 42
25 45
25 48
25 54
25 58
25 60
25 61
25 62
25 64
25 70
25 77
25 82
25 85
25 88
25 90
25 94
25 95
25 96
29 4
29 19
29 21
29 37
29 48
29 52
29 55
29 60
29 71
29 73
29 88
29 95
29 99
30 8
30 11
30 16
30 18
30 21
30 28
30 33
30 39
30 43
30 58
30 62
30 67
30 91
30 98
33 5
33 9
33 52
33 70
33 86
33 87
36 0
36 6
36 7
36 8
36 10
36 16
36 19
36 26
36 28
36 33
36 34
36 46
36 48
36 53
36 55
36 56
36 63
36 64
36 67
36 68
36 74
36 75
36 77
36 79
36 80
36 83
36 84
36 90
36 92
36 93
36 99
37 24
37 38
37 47
37 57
37 63
37 71
37 72
37 81
37 91
37 92
37 95
37 97
37 99
39 34
39 49
39 50
39 61
41 13
41 24
41 33
41 42
41 43
41 46
41 48
41 56
41 59
41 62
41 66
41 72
41 83
41 85
41 92
41 94
41 99
42 0
42 9
42 14
42 23
42 35
42 36
42 49
42 54
42 57
42 59
42 61
42 63
42 64
42 70
42 72
42 84
42 85
42 91
42 93
45 2
45 10
45 25
45 26
45 27
45 30
45 31
45 49
45 51
45 53
45 59
45 64
45 65
45 66
45 68
45 71
45 74
45 79
45 85
45 86
45 89
45 90
45 91
45 92
45 93
45 94
45 97
50 15
50 19
50 28
50 52
50 55
50 60
50 72
50 74
50 81
50 84
50 89
50 97
50 99
55 36
55 57
55 62
55 68
57 1
57 7
57 8
57 10
57 17
57 20
57 28
57 31
57 38
57 45
57 49
57 70
57 71
57 76
57 77
57 78
57 86
57 87
57 97
61 3
61 80
65 6
65 18
65 21
65 22
65 23
65 28
65 31
65 38
65 46
65 48
65 51
65 53
65 61
65 63
65 71
65 82
65 83
65 84
65 89
65 90
65 94
65 95
65 97
65 99
67 6
67 32
67 49
67 54
67 57
67 92
67 98
70 0
70 48
70 61
71 32
74 1
74 4
74 5
74 11
74 12
74 23
74 26
74 29
74 35
74 39
74 40
74 49
74 51
74 53
74 58
74 61
74 63
74 64
74 66
74 67
74 73
74 77
74 79
74 80
74 84
74 87
74 89
74 91
74 95
77 23
77 25
77 54
80 33
80 55
80 59
80 79
80 89
86 4
86 6
86 21
86 37
86 40
86 90
86 96
88 12
88 21
88 31
88 39
88 43
88 58
88 76
88 84
90 0
90 7
90 10
90 13
90 18
90 21
90 26
90 30
90 34
90 38
90 41
90 43
90 49
90 50
90 63
90 67
90 72
90 78
90 80
90 86
90 92
93 6
93 12
93 13
93 16
93 17
93 25
93 26
93 27
93 34
93 37
93 38
93 51
93 61
93 64
93 68
93 74
93 80
93 86
93 90
93 92
93 94
97 1
97 2
97 3
97 8
97 15
97 19
97 25
97 27
97 32
97 46
97 47
97 49
97 64
97 74
97 78
97 79
97 84
97 87
97 95
98 9
98 10
98 16
98 22
98 29
98 37
98 52
98 59
98 69
98 81
