0 1
1 2
2 5
2 12
2 41
2 46
2 48
2 78
2 84
2 107
2 124
2 129
2 160
2 169
2 179
2 181
2 188
2 210
2 233
2 249
2 254
2 267
2 282
2 306
2 322
2 332
2 333
2 338
2 349
2 360
2 368
2 375
2 377
2 392
2 413
2 414
2 425
2 427
2 447
2 498
3 4
12 13
13 14
16 17
22 23
29 30
51 52
53 26
53 36
53 40
53 45
53 91
53 116
53 148
53 156
53 170
53 174
53 179
53 190
53 213
53 214
53 224
53 226
53 241
53 245
53 258
53 264
53 296
53 297
53 309
53 313
53 339
53 345
53 346
53 394
53 439
53 440
53 454
53 460
53 482
53 486
55 56
58 7
58 11
58 26
58 32
58 35
58 38
58 48
58 61
58 94
58 125
58 137
58 203
58 236
58 252
58 293
58 296
58 305
58 313
58 329
58 330
58 343
58 359
58 375
58 389
58 413
58 454
58 457
58 458
62 63
63 64
64 65
70 155
70 299
70 448
71 72
73 74
79 130
79 230
79 234
79 235
79 254
79 304
79 332
79 338
79 382
79 441
79 460
79 493
81 82
86 87
97 54
97 100
97 233
97 339
97 399
97 416
97 423
98 99
101 1
101 11
101 15
101 32
101 70
101 110
101 153
101 169
101 224
101 282
101 286
101 400
101 427
101 434
101 435
101 440
101 463
101 477
101 490
103 104
121 122
125 126
128 5
128 29
128 32
128 40
128 41
128 55
128 62
128 83
128 106
128 111
128 133
128 146
128 153
128 158
128 192
128 215
128 218
128 248
128 249
128 272
128 308
128 324
128 351
128 379
128 386
128 404
128 405
128 412
128 416
128 418
128 429
128 466
128 473
128 494
130 131
133 5
133 61
133 62
133 113
133 118
133 120
133 138
133 274
133 285
133 300
133 325
133 351
133 447
133 496
141 1
141 18
141 22
141 31
141 36
141 43
141 47
141 80
141 112
141 113
141 136
141 155
141 178
141 184
141 195
141 204
141 220
141 260
141 277
141 283
141 285
141 302
141 311
141 327
141 333
141 344
141 347
141 356
141 364
141 369
141 372
141 387
141 397
141 409
141 439
141 466
141 469
141 472
141 142
142 143
148 149
163 164
164 165
167 168
170 11
170 12
170 35
170 42
170 86
170 89
170 96
170 166
170 176
170 189
170 192
170 196
170 233
170 247
170 250
170 272
170 283
170 300
170 310
170 326
170 341
170 401
170 417
170 428
170 431
170 454
170 457
170 459
170 461
170 499
171 7
171 10
171 33
171 60
171 107
171 169
171 170
171 179
171 182
171 211
171 234
171 256
171 286
171 287
171 301
171 344
171 353
171 399
171 430
171 438
171 482
174 175
179 180
182 183
184 185
185 23
185 53
185 176
185 272
185 390
185 469
185 186
189 34
189 47
189 49
189 57
189 71
189 79
189 95
189 201
189 208
189 233
189 269
189 301
189 309
189 340
189 347
189 385
189 465
190 10
190 38
190 39
190 58
190 66
190 73
190 81
190 130
190 153
190 156
190 166
190 170
190 176
190 217
190 227
190 232
190 240
190 266
190 302
190 321
190 322
190 343
190 351
190 354
190 395
190 404
190 412
190 413
190 425
190 442
190 450
190 451
190 457
190 474
190 480
190 487
196 197
199 200
203 1
203 41
203 86
203 107
203 109
203 125
203 132
203 151
203 167
203 176
203 196
203 198
203 227
203 239
203 242
203 243
203 273
203 294
203 308
203 320
203 344
203 349
203 358
203 413
203 443
203 459
203 472
203 482
204 205
211 212
215 53
215 115
215 133
215 435
215 216
242 15
242 16
242 36
242 136
242 139
242 152
242 155
242 160
242 173
242 181
242 194
242 204
242 208
242 211
242 219
242 231
242 234
242 237
242 248
242 251
242 284
242 328
242 341
242 361
242 367
242 377
242 378
242 382
242 416
242 421
242 429
242 445
242 450
242 454
242 464
242 475
242 489
243 29
243 51
243 79
243 86
243 127
243 140
243 192
243 211
243 221
243 223
243 251
243 345
243 417
243 433
243 464
243 470
243 486
253 346
254 255
256 257
262 263
264 265
274 1
274 40
274 61
274 68
274 71
274 75
274 85
274 115
274 128
274 139
274 161
274 181
274 206
274 210
274 221
274 242
274 259
274 264
274 271
274 281
274 326
274 327
274 328
274 371
274 379
274 395
274 496
274 275
275 276
277 9
277 11
277 12
277 58
277 62
277 66
277 67
277 77
277 84
277 105
277 116
277 140
277 145
277 147
277 163
277 228
277 230
277 237
277 243
277 246
277 261
277 262
277 286
277 290
277 293
277 303
277 310
277 314
277 330
277 359
277 379
277 406
277 415
277 420
277 422
277 423
277 448
277 468
277 474
277 278
279 280
287 3
287 7
287 24
287 29
287 39
287 40
287 43
287 46
287 69
287 91
287 119
287 128
287 144
287 163
287 225
287 246
287 252
287 260
287 262
287 288
287 309
287 311
287 340
287 426
287 469
287 479
289 93
289 299
290 291
297 298
299 34
299 92
299 103
299 115
299 135
299 173
299 188
299 192
299 209
299 224
299 233
299 244
299 246
299 272
299 287
299 301
299 311
299 318
299 320
299 321
299 360
299 361
299 365
299 373
299 376
299 378
299 379
299 394
299 403
299 406
299 430
299 452
299 459
299 478
299 479
299 483
299 486
299 487
310 0
310 49
310 109
310 113
310 117
310 188
310 191
310 292
310 307
310 309
310 354
310 355
310 374
310 432
310 471
310 486
315 316
318 319
322 323
333 334
335 336
337 1
337 12
337 43
337 49
337 57
337 70
337 88
337 103
337 111
337 123
337 134
337 137
337 141
337 171
337 172
337 194
337 213
337 233
337 241
337 266
337 272
337 304
337 306
337 341
337 343
337 367
337 376
337 383
337 398
337 421
337 431
337 444
337 452
337 498
341 342
348 42
348 102
348 193
348 289
348 306
348 329
348 434
349 350
355 18
355 26
355 50
355 75
355 128
355 146
355 154
355 161
355 174
355 202
355 203
355 215
355 229
355 238
355 306
355 320
355 328
355 390
355 422
355 435
355 438
355 447
355 488
355 495
356 357
361 362
362 363
363 4
363 7
363 19
363 26
363 29
363 59
363 69
363 97
363 143
363 148
363 184
363 209
363 242
363 248
363 256
363 257
363 262
363 265
363 277
363 286
363 304
363 311
363 350
363 351
363 353
363 383
363 386
363 413
363 418
363 431
363 437
363 452
363 460
363 471
363 480
363 485
364 42
364 43
364 79
364 83
364 84
364 90
364 92
364 97
364 118
364 127
364 133
364 141
364 169
364 171
364 187
364 201
364 239
364 241
364 256
364 277
364 290
364 307
364 311
364 345
364 365
364 382
364 412
364 416
364 434
364 443
364 479
364 497
365 366
366 71
366 110
373 33
373 47
373 84
373 97
373 159
373 162
373 193
373 224
373 243
373 247
373 282
373 312
373 314
373 315
373 343
373 352
373 409
373 424
373 428
373 431
373 444
373 476
379 380
380 381
381 36
381 82
381 171
381 193
381 202
381 207
381 247
381 277
381 313
381 348
381 357
381 382
381 388
381 396
381 406
381 419
381 465
390 391
392 393
401 402
402 10
402 58
402 316
402 482
405 6
405 20
405 38
405 57
405 60
405 71
405 75
405 79
405 85
405 89
405 98
405 108
405 127
405 129
405 140
405 150
405 151
405 152
405 181
405 211
405 218
405 232
405 239
405 256
405 258
405 277
405 290
405 297
405 313
405 348
405 354
405 356
405 359
405 368
405 406
405 426
405 451
405 461
405 462
405 465
405 482
405 492
405 493
406 407
407 408
409 410
428 25
428 55
428 111
428 167
428 204
428 209
428 234
428 245
428 271
428 293
428 295
428 331
428 384
428 387
428 394
428 449
428 467
428 476
428 479
428 495
443 19
443 25
443 27
443 28
443 36
443 58
443 62
443 90
443 94
443 98
443 100
443 114
443 199
443 237
443 240
443 253
443 259
443 268
443 284
443 303
443 317
443 328
443 333
443 337
443 341
443 351
443 358
443 401
443 409
443 411
443 430
443 436
443 449
443 462
443 479
443 481
443 489
443 495
443 497
443 498
445 446
447 6
447 11
447 18
447 20
447 48
447 59
447 77
447 81
447 89
447 94
447 100
447 101
447 106
447 111
447 112
447 141
447 163
447 169
447 177
447 179
447 237
447 250
447 268
447 270
447 279
447 282
447 297
447 302
447 315
447 324
447 333
447 358
447 370
447 377
447 388
447 397
447 413
447 419
447 434
447 445
447 459
447 463
447 465
447 477
447 485
450 3
450 85
450 86
450 121
450 141
450 207
450 335
450 417
450 434
450 466
452 453
454 455
455 456
465 16
465 25
465 44
465 50
465 60
465 76
465 90
465 145
465 182
465 187
465 222
465 226
465 245
465 249
465 266
465 267
465 320
465 327
465 349
465 430
465 439
465 488
466 7
466 8
466 37
466 50
466 75
466 157
466 174
466 192
466 225
466 230
466 241
466 279
466 322
466 368
466 395
466 425
466 439
466 444
466 451
466 458
466 472
466 492
483 484
490 491
496 21
496 47
496 71
496 98
496 306
496 405
