0 1
1 2
2 8
2 27
2 28
2 31
2 33
2 38
2 44
2 46
2 3
3 4
4 5
5 6
6 7
8 9
9 10
10 11
11 12
12 13
13 14
14 15
15 16
16 17
17 8
17 10
17 19
17 36
17 42
17 18
19 20
20 10
20 11
20 16
20 32
20 34
20 36
20 37
20 45
20 46
20 48
20 21
21 22
22 5
22 6
22 13
22 15
22 16
22 18
22 19
22 27
22 35
22 37
22 40
22 44
22 23
23 24
24 25
25 8
25 9
25 11
25 12
25 14
25 20
25 24
25 40
25 43
25 48
25 26
28 29
29 0
29 5
29 30
34 1
34 2
34 42
34 45
34 46
37 14
37 17
37 48
38 39
39 5
39 13
39 18
39 20
39 23
40 41
42 16
42 19
42 45
46 47
47 6
47 8
48 49
