0 1
1 2
2 8
2 30
2 47
2 62
2 136
2 149
2 167
2 190
2 200
2 234
2 251
2 275
2 295
2 354
2 361
2 383
2 385
2 3
3 4
4 5
5 6
6 7
8 9
9 10
10 31
10 82
10 88
10 89
10 217
10 269
10 271
10 281
10 291
10 293
10 299
10 308
10 324
10 330
10 345
10 352
10 415
10 430
10 431
10 442
10 444
10 460
10 488
23 8
23 9
23 12
23 15
23 30
23 38
23 83
23 92
23 170
23 236
23 249
23 267
23 269
23 283
23 300
23 312
23 344
23 391
23 394
23 406
23 448
23 469
25 26
39 9
39 10
39 11
39 33
39 55
39 65
39 75
39 111
39 136
39 203
39 220
39 223
39 227
39 237
39 238
39 253
39 277
39 290
39 291
39 293
39 309
39 332
39 335
39 347
39 356
39 362
39 372
39 386
39 392
39 404
39 428
39 448
39 450
39 463
39 465
39 476
40 41
44 40
44 65
44 99
44 105
44 129
44 130
44 143
44 145
44 159
44 169
44 170
44 183
44 185
44 205
44 208
44 212
44 217
44 223
44 235
44 236
44 255
44 257
44 267
44 270
44 288
44 289
44 303
44 304
44 341
44 357
44 382
44 395
44 410
44 416
44 424
44 429
44 437
44 443
44 454
44 457
44 479
44 496
49 7
49 28
49 30
49 36
49 37
49 38
49 44
49 55
49 57
49 63
49 90
49 97
49 147
49 148
49 157
49 185
49 186
49 194
49 218
49 219
49 220
49 232
49 270
49 273
49 292
49 365
49 370
49 377
49 380
49 388
49 399
49 412
49 417
49 443
49 445
49 451
49 453
49 468
49 473
49 474
49 487
50 51
53 54
59 60
75 42
75 67
75 104
75 123
75 265
75 282
75 296
75 349
75 359
75 367
75 371
75 382
75 419
75 423
75 465
80 81
85 20
85 38
85 50
85 63
85 80
85 82
85 87
85 98
85 194
85 211
85 214
85 217
85 230
85 252
85 260
85 262
85 272
85 286
85 319
85 339
85 344
85 345
85 351
85 354
85 359
85 371
85 373
85 395
85 419
85 422
85 429
85 431
85 459
85 467
85 469
85 472
90 91
93 94
100 38
100 56
100 105
100 111
100 158
100 172
100 189
100 200
100 219
100 265
100 266
100 272
100 292
100 320
100 331
100 392
100 393
100 394
100 409
100 414
100 419
100 436
100 449
100 460
100 479
100 484
100 489
105 106
113 114
115 116
120 45
120 52
120 98
120 105
120 128
120 162
120 165
120 222
120 232
120 236
120 241
120 258
120 259
120 263
120 288
120 308
120 319
120 335
120 361
120 365
120 386
120 393
120 398
120 427
120 436
120 479
120 489
125 13
125 16
125 19
125 20
125 33
125 40
125 50
125 53
125 56
125 59
125 61
125 69
125 76
125 83
125 100
125 102
125 112
125 118
125 128
125 129
125 145
125 163
125 174
125 183
125 187
125 188
125 223
125 224
125 248
125 282
125 291
125 300
125 327
125 342
125 370
125 372
125 384
125 431
125 447
125 456
125 482
125 486
125 496
130 15
130 17
130 61
130 72
130 87
130 113
130 129
130 139
130 203
130 300
130 342
130 352
130 358
130 372
130 399
130 410
130 464
130 487
130 131
131 137
131 187
131 283
131 365
131 132
132 133
134 135
140 141
143 1
143 71
143 77
143 92
143 117
143 148
143 153
143 197
143 200
143 220
143 256
143 345
143 383
143 390
143 411
143 479
143 496
159 160
161 3
161 9
161 29
161 37
161 46
161 85
161 97
161 149
161 151
161 243
161 265
161 300
161 324
161 478
161 480
168 18
168 36
168 59
168 69
168 70
168 79
168 100
168 126
168 128
168 165
168 169
168 236
168 258
168 267
168 274
168 303
168 305
168 309
168 313
168 316
168 328
168 347
168 349
168 366
168 383
168 452
168 464
168 465
168 468
168 494
172 173
173 20
173 26
173 60
173 83
173 89
173 126
173 127
173 156
173 158
173 182
173 194
173 195
173 316
173 342
173 393
173 405
173 417
173 461
173 473
174 175
178 179
195 50
195 72
195 137
195 167
195 173
195 215
195 272
195 358
195 394
195 415
195 434
195 437
195 446
197 74
197 464
197 490
197 198
201 202
203 3
203 6
203 18
203 29
203 52
203 74
203 93
203 124
203 148
203 172
203 238
203 239
203 246
203 255
203 258
203 265
203 272
203 325
203 336
203 358
203 393
203 400
203 404
203 406
203 485
203 491
203 497
206 207
212 213
215 16
215 53
215 56
215 71
215 73
215 75
215 150
215 192
215 209
215 219
215 238
215 283
215 286
215 376
215 380
215 385
215 389
215 392
215 425
215 426
215 454
221 7
221 11
221 21
221 39
221 83
221 93
221 136
221 154
221 215
221 238
221 239
221 283
221 285
221 286
221 334
221 337
221 390
221 396
221 397
221 398
221 420
221 423
221 439
221 445
221 446
221 467
221 490
225 226
230 64
230 108
230 276
230 286
230 332
230 372
232 233
244 16
244 18
244 20
244 23
244 42
244 45
244 55
244 72
244 74
244 137
244 142
244 167
244 183
244 192
244 204
244 222
244 227
244 228
244 231
244 239
244 261
244 275
244 322
244 335
244 338
244 343
244 357
244 366
244 377
244 397
244 398
244 401
244 404
244 405
244 406
244 413
244 422
244 438
244 453
244 474
244 475
244 479
244 245
245 4
245 29
245 42
245 44
245 53
245 72
245 73
245 78
245 106
245 110
245 121
245 151
245 173
245 186
245 239
245 270
245 271
245 295
245 313
245 314
245 337
245 339
245 363
245 367
245 427
245 431
245 470
245 471
245 473
245 478
245 481
245 482
245 484
253 254
258 23
258 88
258 282
258 393
258 395
269 14
269 234
269 314
269 366
269 380
269 381
269 425
269 437
276 0
276 171
276 196
276 210
276 244
276 452
276 498
277 278
286 287
290 2
290 27
290 29
290 48
290 69
290 72
290 82
290 96
290 107
290 126
290 145
290 150
290 156
290 159
290 183
290 184
290 185
290 192
290 199
290 200
290 210
290 216
290 242
290 271
290 301
290 365
290 368
290 380
290 391
290 403
290 417
290 422
290 427
290 430
290 437
290 441
290 442
290 456
290 491
290 494
293 70
293 78
293 149
293 158
293 159
293 176
293 185
293 186
293 244
293 247
293 249
293 268
293 300
293 305
293 319
293 348
293 441
305 306
309 310
310 311
312 1
312 7
312 17
312 59
312 75
312 83
312 113
312 121
312 130
312 163
312 201
312 215
312 217
312 221
312 260
312 301
312 305
312 323
312 393
312 409
312 416
312 424
312 450
320 321
324 28
324 39
324 47
324 49
324 77
324 79
324 87
324 134
324 153
324 159
324 181
324 187
324 196
324 225
324 238
324 249
324 260
324 261
324 275
324 284
324 285
324 290
324 293
324 308
324 325
324 332
324 335
324 340
324 341
324 347
324 366
324 379
324 390
324 428
324 432
324 470
324 482
324 486
324 491
328 10
328 69
328 199
328 487
328 329
341 14
341 32
341 57
341 59
341 68
341 102
341 120
341 138
341 140
341 143
341 149
341 157
341 158
341 167
341 185
341 203
341 212
341 229
341 266
341 330
341 366
341 382
341 410
341 411
341 449
341 475
345 346
347 2
347 4
347 5
347 11
347 17
347 22
347 37
347 44
347 49
347 57
347 68
347 92
347 103
347 117
347 119
347 122
347 138
347 148
347 161
347 176
347 178
347 185
347 190
347 216
347 223
347 232
347 243
347 259
347 261
347 268
347 295
347 313
347 319
347 325
347 349
347 350
347 359
347 368
347 369
347 415
347 420
347 421
347 429
347 435
347 452
347 464
347 467
347 489
352 353
354 355
356 20
356 28
356 32
356 34
356 42
356 66
356 86
356 87
356 88
356 101
356 108
356 110
356 123
356 137
356 143
356 166
356 168
356 171
356 181
356 189
356 216
356 222
356 236
356 257
356 258
356 263
356 286
356 291
356 295
356 298
356 320
356 333
356 342
356 349
356 379
356 393
356 399
356 429
356 432
356 444
356 446
356 456
356 473
356 477
356 482
356 486
359 360
371 24
371 49
371 84
371 85
371 108
371 151
371 215
371 231
371 251
371 281
371 283
371 302
371 334
371 390
371 391
371 397
371 427
371 462
373 374
378 3
378 21
378 49
378 56
378 62
378 66
378 70
378 79
378 83
378 96
378 109
378 112
378 125
378 127
378 137
378 144
378 146
378 154
378 163
378 193
378 227
378 231
378 234
378 243
378 250
378 275
378 291
378 313
378 341
378 362
378 377
378 383
378 385
378 422
378 448
378 465
378 469
378 476
378 483
384 3
384 35
384 53
384 55
384 58
384 68
384 121
384 129
384 142
384 151
384 161
384 180
384 196
384 240
384 258
384 264
384 271
384 282
384 293
384 304
384 307
384 315
384 343
384 352
384 415
384 444
384 481
384 487
384 498
386 387
387 16
387 23
387 28
387 74
387 84
387 99
387 132
387 157
387 163
387 166
387 173
387 192
387 211
387 221
387 223
387 248
387 252
387 268
387 283
387 291
387 295
387 305
387 359
387 383
387 388
387 408
387 415
387 430
387 435
387 445
387 499
401 402
407 15
407 31
407 105
407 243
407 273
407 312
407 318
407 325
407 413
407 419
407 450
407 463
417 418
423 83
423 209
423 389
423 441
425 15
425 46
425 74
425 105
425 139
425 229
425 294
425 322
425 419
425 457
425 472
425 475
425 488
432 433
438 8
438 14
438 43
438 56
438 74
438 82
438 103
438 107
438 111
438 115
438 161
438 164
438 168
438 185
438 191
438 231
438 240
438 243
438 246
438 269
438 273
438 279
438 300
438 317
438 326
438 331
438 337
438 341
438 345
438 357
438 358
438 375
438 378
438 407
438 415
438 416
438 442
438 484
438 496
444 16
444 38
444 75
444 78
444 89
444 95
444 104
444 150
444 151
444 165
444 181
444 192
444 204
444 208
444 211
444 243
444 259
444 263
444 333
444 370
444 399
444 449
444 488
457 458
461 27
461 48
461 173
461 261
461 449
465 466
466 33
466 35
466 36
466 150
466 167
466 191
466 224
466 282
466 294
466 297
466 325
466 353
466 374
466 388
466 444
466 476
477 7
477 16
477 22
477 53
477 70
477 85
477 93
477 95
477 110
477 148
477 152
477 155
477 157
477 211
477 232
477 238
477 270
477 276
477 281
477 282
477 297
477 324
477 338
477 340
477 364
477 368
477 372
477 377
477 388
477 394
477 407
477 409
477 455
477 456
477 472
477 481
484 10
484 11
484 21
484 27
484 48
484 77
484 93
484 124
484 137
484 139
484 154
484 162
484 177
484 178
484 206
484 209
484 231
484 232
484 235
484 273
484 276
484 280
484 289
484 316
484 331
484 333
484 366
484 391
484 400
484 415
484 422
484 434
484 440
484 452
484 454
484 465
484 472
484 474
484 479
484 483
485 406
485 443
485 447
491 25
491 64
491 72
491 128
491 148
491 312
491 333
491 398
491 431
491 492
492 493
494 495
496 23
496 38
496 121
496 148
496 159
496 185
496 187
496 319
496 343
496 347
496 378
496 410
496 414
496 415
496 417
496 438
496 480
