0 1
1 2
2 8
2 14
2 31
2 34
2 37
2 69
2 109
2 110
2 127
2 140
2 144
2 158
2 198
2 250
2 256
2 264
2 272
2 284
2 288
2 338
2 360
2 434
2 437
2 438
2 460
2 465
2 475
2 482
2 506
2 509
2 526
2 551
2 576
2 582
2 595
2 611
2 620
2 631
2 649
2 657
2 663
2 703
2 713
2 717
2 728
2 733
2 735
2 737
2 744
2 748
2 758
2 772
2 773
2 800
2 859
2 860
2 865
2 868
2 870
2 884
2 885
2 915
7 45
7 74
7 98
7 122
7 136
7 148
7 172
7 183
7 197
7 202
7 212
7 218
7 251
7 252
7 266
7 270
7 286
7 324
7 375
7 382
7 397
7 405
7 414
7 419
7 443
7 448
7 503
7 515
7 523
7 534
7 576
7 590
7 602
7 605
7 618
7 648
7 666
7 692
7 697
7 706
7 711
7 724
7 750
7 773
7 778
7 799
7 800
7 886
7 964
14 15
18 20
18 42
18 127
18 136
18 139
18 165
18 180
18 188
18 205
18 208
18 217
18 234
18 249
18 258
18 271
18 290
18 291
18 314
18 316
18 325
18 348
18 357
18 367
18 394
18 404
18 417
18 426
18 443
18 458
18 472
18 482
18 486
18 499
18 509
18 528
18 540
18 557
18 592
18 600
18 608
18 637
18 638
18 650
18 663
18 669
18 674
18 677
18 684
18 694
18 700
18 736
18 783
18 813
18 877
18 878
18 879
18 885
18 941
18 952
18 975
18 986
18 988
32 14
32 19
32 39
32 65
32 88
32 104
32 118
32 147
32 152
32 169
32 183
32 187
32 194
32 240
32 248
32 262
32 289
32 299
32 303
32 315
32 320
32 321
32 324
32 352
32 372
32 380
32 403
32 410
32 427
32 459
32 464
32 478
32 503
32 511
32 517
32 518
32 540
32 575
32 585
32 599
32 630
32 632
32 674
32 686
32 728
32 739
32 756
32 764
32 765
32 774
32 816
32 820
32 839
32 853
32 855
32 862
32 881
32 935
32 978
32 979
34 29
34 94
34 96
34 169
34 179
34 231
34 250
34 270
34 295
34 297
34 298
34 338
34 369
34 384
34 409
34 431
34 437
34 488
34 494
34 498
34 509
34 529
34 530
34 552
34 586
34 589
34 634
34 653
34 656
34 671
34 682
34 693
34 721
34 739
34 752
34 770
34 772
34 780
34 791
34 804
34 835
34 864
34 885
34 899
34 901
34 917
34 923
34 969
34 975
34 986
44 34
44 45
44 63
44 98
44 107
44 172
44 237
44 242
44 298
44 328
44 329
44 377
44 453
44 474
44 481
44 507
44 553
44 632
44 652
44 658
44 746
44 748
44 806
44 898
45 62
45 94
45 181
45 185
45 202
45 305
45 314
45 506
45 565
45 607
45 635
45 683
45 686
45 700
45 721
45 759
45 818
45 854
45 952
45 972
45 994
51 52
53 13
53 43
53 88
53 97
53 112
53 123
53 129
53 135
53 147
53 156
53 175
53 176
53 191
53 200
53 202
53 208
53 260
53 275
53 277
53 289
53 329
53 345
53 360
53 382
53 399
53 402
53 412
53 424
53 430
53 442
53 474
53 481
53 490
53 529
53 564
53 569
53 574
53 601
53 605
53 615
53 619
53 629
53 630
53 652
53 656
53 661
53 693
53 703
53 709
53 720
53 727
53 741
53 752
53 785
53 809
53 810
53 813
53 815
53 828
53 840
53 842
53 872
53 885
53 889
53 899
53 906
53 908
53 917
53 935
53 974
53 997
57 6
57 55
57 69
57 111
57 148
57 205
57 208
57 276
57 286
57 375
57 418
57 470
57 484
57 512
57 532
57 563
57 582
57 650
57 671
57 700
57 705
57 759
57 804
57 825
57 826
57 897
57 902
57 977
70 17
70 26
70 40
70 61
70 100
70 107
70 127
70 172
70 184
70 195
70 204
70 255
70 270
70 315
70 350
70 402
70 431
70 443
70 448
70 459
70 472
70 487
70 493
70 495
70 503
70 513
70 580
70 582
70 591
70 633
70 649
70 671
70 690
70 694
70 708
70 729
70 755
70 768
70 782
70 798
70 810
70 832
70 847
70 855
70 877
70 944
70 979
76 77
78 1
78 17
78 99
78 135
78 152
78 169
78 171
78 242
78 290
78 373
78 411
78 412
78 489
78 493
78 503
78 516
78 531
78 580
78 582
78 656
78 673
78 696
78 709
78 736
78 754
78 762
78 770
78 821
78 827
78 844
78 858
78 879
78 893
78 915
78 919
78 929
78 936
78 979
78 989
89 90
91 2
91 37
91 39
91 63
91 82
91 102
91 114
91 116
91 118
91 138
91 186
91 254
91 271
91 275
91 280
91 282
91 298
91 304
91 307
91 313
91 329
91 340
91 343
91 345
91 349
91 357
91 361
91 370
91 381
91 383
91 414
91 423
91 435
91 439
91 440
91 451
91 462
91 469
91 497
91 506
91 513
91 515
91 532
91 550
91 568
91 575
91 578
91 585
91 586
91 587
91 590
91 595
91 603
91 658
91 660
91 665
91 676
91 677
91 691
91 700
91 701
91 726
91 746
91 773
91 776
91 779
91 786
91 809
91 817
91 836
91 837
91 840
91 846
91 860
91 862
91 894
91 904
91 909
91 928
91 955
112 79
112 92
112 113
112 159
112 212
112 227
112 240
112 299
112 384
112 565
112 613
112 641
112 742
112 833
112 964
126 265
126 502
132 24
132 26
132 39
132 51
132 66
132 67
132 73
132 97
132 128
132 130
132 162
132 163
132 167
132 181
132 188
132 189
132 190
132 197
132 241
132 254
132 258
132 259
132 283
132 294
132 308
132 313
132 314
132 321
132 355
132 363
132 368
132 383
132 391
132 398
132 399
132 401
132 438
132 442
132 445
132 472
132 474
132 480
132 482
132 489
132 494
132 503
132 512
132 525
132 530
132 533
132 545
132 556
132 577
132 580
132 585
132 611
132 617
132 621
132 639
132 647
132 662
132 672
132 678
132 684
132 688
132 693
132 697
132 717
132 718
132 735
132 748
132 749
132 762
132 764
132 765
132 771
132 784
132 800
132 833
132 837
132 855
132 863
132 885
132 898
132 900
132 921
132 922
132 980
132 982
132 991
132 997
140 141
144 34
144 38
144 61
144 65
144 87
144 154
144 176
144 207
144 277
144 347
144 378
144 537
144 592
144 731
144 912
144 917
144 996
147 7
147 22
147 27
147 124
147 128
147 130
147 134
147 145
147 167
147 185
147 196
147 198
147 207
147 217
147 219
147 281
147 293
147 322
147 368
147 391
147 417
147 418
147 444
147 449
147 464
147 486
147 494
147 496
147 503
147 512
147 531
147 532
147 542
147 577
147 608
147 611
147 666
147 667
147 695
147 715
147 729
147 733
147 739
147 742
147 773
147 790
147 791
147 810
147 829
147 834
147 838
147 842
147 867
147 882
147 921
147 936
147 992
165 166
167 7
167 21
167 83
167 129
167 318
167 345
167 350
167 370
167 384
167 423
167 424
167 454
167 485
167 498
167 506
167 599
167 623
167 640
167 711
167 782
167 788
167 790
167 800
167 820
167 874
167 893
167 897
167 911
167 979
169 170
184 10
184 14
184 18
184 66
184 88
184 158
184 172
184 183
184 201
184 211
184 218
184 220
184 241
184 247
184 257
184 291
184 330
184 351
184 378
184 428
184 446
184 540
184 545
184 546
184 639
184 682
184 768
184 813
184 828
184 899
184 926
184 942
184 961
184 985
184 988
188 1
188 44
188 58
188 75
188 102
188 105
188 110
188 111
188 143
188 203
188 204
188 241
188 335
188 337
188 381
188 388
188 398
188 466
188 488
188 537
188 553
188 568
188 580
188 601
188 618
188 667
188 770
188 781
188 826
188 894
188 899
188 972
188 993
199 88
199 111
199 122
199 161
199 207
199 213
199 247
199 276
199 356
199 374
199 392
199 407
199 474
199 508
199 632
199 646
199 665
199 694
199 707
199 730
199 738
199 751
199 790
199 807
199 811
199 883
199 889
199 898
199 936
199 958
199 962
213 13
213 21
213 38
213 63
213 67
213 81
213 83
213 87
213 88
213 92
213 101
213 119
213 137
213 150
213 161
213 162
213 189
213 203
213 205
213 211
213 253
213 264
213 280
213 282
213 286
213 289
213 291
213 325
213 327
213 331
213 338
213 344
213 376
213 377
213 384
213 417
213 431
213 445
213 455
213 457
213 460
213 488
213 496
213 506
213 526
213 542
213 570
213 590
213 607
213 609
213 623
213 629
213 639
213 654
213 655
213 683
213 699
213 706
213 717
213 720
213 731
213 736
213 747
213 768
213 770
213 775
213 788
213 803
213 804
213 821
213 823
213 833
213 835
213 875
213 878
213 880
213 904
213 923
213 928
213 969
213 971
213 976
215 216
217 8
217 57
217 60
217 95
217 99
217 103
217 131
217 133
217 135
217 153
217 182
217 190
217 202
217 238
217 308
217 318
217 332
217 338
217 348
217 351
217 399
217 409
217 414
217 416
217 460
217 479
217 483
217 486
217 496
217 505
217 534
217 544
217 550
217 553
217 561
217 570
217 586
217 601
217 608
217 628
217 632
217 649
217 704
217 711
217 714
217 716
217 758
217 789
217 805
217 840
217 847
217 849
217 856
217 858
217 866
217 871
217 890
217 894
217 901
217 908
217 923
217 927
217 930
217 931
217 932
219 391
219 615
219 690
219 712
219 935
228 229
250 10
250 11
250 12
250 32
250 58
250 75
250 132
250 159
250 169
250 298
250 343
250 344
250 354
250 418
250 463
250 529
250 665
250 680
250 737
250 746
250 786
250 819
250 886
250 933
250 969
252 176
252 219
252 314
252 358
252 373
252 474
252 488
252 490
252 518
252 534
252 557
252 603
252 615
252 731
252 737
252 788
252 807
252 826
252 832
252 904
252 976
252 983
258 6
258 22
258 31
258 92
258 93
258 140
258 158
258 160
258 181
258 185
258 190
258 197
258 230
258 302
258 305
258 320
258 371
258 380
258 382
258 384
258 408
258 450
258 455
258 475
258 489
258 527
258 533
258 545
258 566
258 569
258 571
258 573
258 590
258 618
258 619
258 631
258 651
258 680
258 706
258 715
258 725
258 728
258 729
258 737
258 745
258 776
258 778
258 784
258 802
258 806
258 833
258 841
258 852
258 855
258 869
258 871
258 901
258 902
258 914
258 944
258 951
258 960
258 962
258 985
258 993
258 998
268 269
276 8
276 107
276 130
276 140
276 167
276 224
276 241
276 284
276 290
276 319
276 320
276 382
276 477
276 562
276 662
276 682
276 686
276 700
276 872
276 913
276 999
286 287
293 16
293 125
293 127
293 249
293 384
293 450
293 582
293 648
293 652
293 812
293 858
293 968
298 7
298 44
298 48
298 56
298 76
298 87
298 93
298 106
298 144
298 145
298 160
298 169
298 175
298 181
298 201
298 209
298 213
298 220
298 224
298 240
298 249
298 257
298 278
298 283
298 315
298 347
298 371
298 398
298 408
298 431
298 433
298 442
298 450
298 452
298 460
298 464
298 471
298 482
298 486
298 495
298 497
298 501
298 515
298 530
298 536
298 557
298 645
298 648
298 650
298 653
298 679
298 700
298 711
298 712
298 716
298 720
298 729
298 732
298 742
298 743
298 747
298 778
298 791
298 804
298 805
298 839
298 856
298 857
298 865
298 872
298 879
298 923
298 941
298 958
298 974
298 976
298 982
298 999
299 300
310 8
310 87
310 131
310 136
310 146
310 159
310 180
310 214
310 217
310 290
310 304
310 336
310 374
310 388
310 397
310 405
310 411
310 413
310 446
310 453
310 516
310 521
310 530
310 567
310 574
310 578
310 647
310 656
310 681
310 695
310 716
310 719
310 738
310 769
310 782
310 783
310 817
310 839
310 843
310 863
310 875
310 879
310 905
310 915
310 930
310 935
310 966
310 981
310 311
322 323
352 353
358 48
358 68
358 251
358 285
358 454
358 503
358 540
358 601
358 642
358 726
358 731
358 732
358 740
358 795
358 806
358 808
358 835
358 842
358 934
358 948
360 72
360 280
360 406
360 513
360 809
360 828
365 366
366 8
366 60
366 76
366 194
366 202
366 223
366 256
366 277
366 300
366 380
366 400
366 441
366 454
366 610
366 614
366 650
366 668
366 704
366 721
366 795
366 803
366 810
366 825
366 851
366 947
366 954
367 5
367 7
367 10
367 30
367 31
367 33
367 48
367 110
367 144
367 156
367 177
367 198
367 201
367 222
367 236
367 237
367 244
367 294
367 295
367 297
367 328
367 336
367 404
367 421
367 423
367 436
367 437
367 451
367 468
367 484
367 505
367 515
367 523
367 533
367 546
367 565
367 603
367 606
367 643
367 649
367 683
367 717
367 732
367 738
367 849
367 889
367 897
367 919
367 943
367 944
367 999
368 36
368 61
368 81
368 100
368 111
368 114
368 119
368 134
368 143
368 178
368 188
368 256
368 265
368 278
368 291
368 292
368 297
368 312
368 360
368 361
368 365
368 402
368 403
368 444
368 471
368 473
368 488
368 490
368 494
368 503
368 505
368 514
368 516
368 520
368 530
368 559
368 561
368 575
368 600
368 658
368 665
368 694
368 701
368 709
368 739
368 766
368 782
368 793
368 799
368 803
368 865
368 871
368 873
368 874
368 885
368 905
368 927
368 976
368 986
377 4
377 25
377 32
377 64
377 75
377 103
377 123
377 136
377 143
377 147
377 152
377 173
377 176
377 214
377 215
377 226
377 227
377 234
377 252
377 268
377 295
377 296
377 312
377 337
377 401
377 408
377 413
377 420
377 425
377 434
377 435
377 458
377 474
377 479
377 527
377 536
377 537
377 564
377 568
377 569
377 595
377 599
377 602
377 607
377 610
377 625
377 629
377 636
377 637
377 642
377 651
377 653
377 662
377 678
377 685
377 699
377 707
377 708
377 710
377 737
377 739
377 745
377 752
377 753
377 755
377 756
377 762
377 772
377 798
377 805
377 808
377 814
377 827
377 874
377 893
377 894
377 898
377 905
377 906
377 907
377 920
377 951
377 959
377 961
377 975
377 989
377 996
377 998
401 12
401 36
401 209
401 237
415 4
415 21
415 55
415 89
415 103
415 111
415 125
415 130
415 131
415 147
415 152
415 178
415 190
415 192
415 205
415 211
415 212
415 259
415 265
415 283
415 292
415 293
415 295
415 298
415 299
415 305
415 313
415 381
415 383
415 399
415 421
415 440
415 475
415 496
415 527
415 554
415 563
415 583
415 616
415 634
415 650
415 655
415 665
415 737
415 759
415 814
415 842
415 857
415 859
415 891
415 929
415 930
415 986
446 45
446 74
446 99
446 143
446 144
446 149
446 168
446 179
446 181
446 211
446 214
446 233
446 256
446 271
446 301
446 344
446 347
446 359
446 440
446 443
446 451
446 495
446 516
446 570
446 582
446 613
446 633
446 691
446 697
446 707
446 708
446 710
446 720
446 726
446 742
446 763
446 813
446 826
446 840
446 892
446 902
446 933
446 935
446 959
446 964
446 972
446 973
446 982
446 992
446 994
446 447
454 17
454 22
454 47
454 51
454 59
454 78
454 87
454 213
454 220
454 230
454 233
454 238
454 243
454 244
454 260
454 292
454 295
454 344
454 355
454 378
454 402
454 411
454 493
454 516
454 563
454 593
454 603
454 619
454 624
454 656
454 665
454 693
454 747
454 750
454 766
454 770
454 795
454 834
454 836
454 844
454 864
454 878
454 923
454 929
454 948
454 963
454 968
454 970
454 971
456 10
456 11
456 18
456 53
456 74
456 84
456 87
456 102
456 125
456 147
456 156
456 205
456 208
456 228
456 248
456 259
456 267
456 369
456 397
456 445
456 448
456 453
456 488
456 501
456 514
456 531
456 532
456 537
456 553
456 556
456 577
456 581
456 583
456 599
456 621
456 628
456 641
456 666
456 672
456 676
456 685
456 698
456 704
456 724
456 749
456 750
456 761
456 764
456 765
456 776
456 789
456 801
456 802
456 813
456 815
456 846
456 888
456 926
456 928
456 951
456 961
456 968
461 1
461 23
461 140
461 193
461 251
461 298
461 315
461 332
461 350
461 386
461 466
461 486
461 512
461 548
461 560
461 590
461 681
461 707
461 757
461 885
493 28
493 58
493 85
493 94
493 140
493 159
493 167
493 186
493 221
493 254
493 273
493 290
493 371
493 414
493 417
493 423
493 455
493 488
493 508
493 509
493 526
493 555
493 556
493 579
493 606
493 613
493 624
493 627
493 663
493 672
493 707
493 721
493 784
493 803
493 845
493 852
493 907
493 928
493 929
493 950
493 959
493 962
493 968
505 24
505 28
505 49
505 106
505 172
505 214
505 218
505 248
505 261
505 275
505 302
505 308
505 313
505 339
505 404
505 413
505 436
505 444
505 485
505 522
505 531
505 553
505 600
505 614
505 651
505 659
505 667
505 673
505 682
505 688
505 694
505 720
505 739
505 744
505 755
505 790
505 793
505 806
505 840
505 841
505 900
505 907
505 932
505 974
520 12
520 68
520 178
520 202
520 278
520 305
520 433
520 453
520 493
520 537
520 587
520 680
520 761
520 782
520 880
529 0
529 35
529 47
529 82
529 131
529 167
529 199
529 208
529 225
529 247
529 272
529 288
529 294
529 304
529 309
529 312
529 322
529 330
529 333
529 389
529 412
529 413
529 422
529 424
529 439
529 440
529 452
529 460
529 506
529 558
529 561
529 595
529 601
529 617
529 622
529 629
529 650
529 670
529 702
529 710
529 716
529 784
529 803
529 820
529 849
529 857
529 889
529 891
529 903
529 904
529 914
529 933
529 951
529 966
529 968
542 46
542 68
542 109
542 133
542 250
542 346
542 374
542 495
542 529
542 567
542 624
542 812
542 938
542 964
543 9
543 27
543 57
543 63
543 80
543 87
543 148
543 157
543 161
543 184
543 186
543 199
543 214
543 230
543 252
543 268
543 272
543 276
543 283
543 334
543 346
543 399
543 425
543 428
543 435
543 458
543 468
543 489
543 494
543 497
543 520
543 531
543 532
543 534
543 539
543 566
543 584
543 588
543 619
543 648
543 649
543 663
543 667
543 677
543 685
543 707
543 716
543 734
543 749
543 762
543 774
543 775
543 796
543 797
543 801
543 808
543 831
543 849
543 852
543 873
543 889
543 898
543 905
543 914
543 923
543 936
543 949
543 954
548 8
548 19
548 41
548 50
548 83
548 84
548 107
548 124
548 142
548 172
548 187
548 195
548 200
548 223
548 252
548 260
548 296
548 304
548 316
548 332
548 357
548 365
548 401
548 433
548 504
548 512
548 532
548 540
548 559
548 573
548 597
548 601
548 605
548 610
548 615
548 640
548 669
548 678
548 679
548 681
548 686
548 694
548 703
548 705
548 721
548 742
548 757
548 795
548 814
548 863
548 890
548 894
548 900
548 912
548 913
548 918
548 930
548 973
548 977
548 988
564 12
564 42
564 55
564 60
564 71
564 79
564 151
564 152
564 164
564 180
564 218
564 220
564 234
564 236
564 250
564 254
564 256
564 271
564 277
564 306
564 327
564 330
564 387
564 392
564 405
564 425
564 437
564 441
564 442
564 490
564 505
564 506
564 520
564 530
564 539
564 566
564 568
564 597
564 611
564 612
564 617
564 656
564 665
564 731
564 734
564 760
564 772
564 774
564 808
564 831
564 872
564 885
564 903
564 944
564 976
579 126
579 137
579 150
579 238
579 276
579 700
579 709
579 755
579 803
579 810
579 958
595 596
603 604
609 64
609 78
609 110
609 117
609 121
609 131
609 148
609 176
609 195
609 226
609 239
609 240
609 274
609 284
609 286
609 295
609 296
609 331
609 336
609 338
609 347
609 358
609 379
609 387
609 410
609 423
609 476
609 491
609 524
609 542
609 544
609 566
609 567
609 601
609 612
609 622
609 625
609 668
609 695
609 699
609 723
609 757
609 772
609 797
609 801
609 848
609 850
609 859
609 864
609 898
609 947
609 973
614 0
614 8
614 33
614 46
614 67
614 74
614 79
614 89
614 124
614 127
614 131
614 160
614 172
614 175
614 181
614 183
614 206
614 208
614 223
614 228
614 256
614 258
614 270
614 306
614 313
614 319
614 320
614 341
614 343
614 349
614 350
614 384
614 393
614 394
614 401
614 429
614 438
614 439
614 450
614 472
614 486
614 497
614 513
614 535
614 548
614 561
614 566
614 569
614 572
614 582
614 589
614 650
614 651
614 668
614 676
614 696
614 723
614 731
614 755
614 756
614 767
614 786
614 795
614 807
614 822
614 843
614 853
614 856
614 868
614 879
614 891
614 908
614 915
614 918
614 936
614 946
614 956
614 963
614 964
614 977
614 978
614 980
635 5
635 26
635 49
635 56
635 70
635 83
635 96
635 120
635 127
635 155
635 156
635 167
635 198
635 206
635 214
635 218
635 236
635 238
635 243
635 295
635 296
635 297
635 299
635 303
635 334
635 342
635 354
635 379
635 383
635 400
635 406
635 421
635 431
635 443
635 455
635 456
635 487
635 494
635 510
635 526
635 568
635 571
635 592
635 599
635 607
635 629
635 632
635 652
635 673
635 682
635 693
635 737
635 742
635 751
635 768
635 770
635 794
635 827
635 831
635 843
635 883
635 913
635 914
635 933
635 959
635 988
635 990
653 40
653 59
653 75
653 82
653 118
653 134
653 142
653 167
653 182
653 183
653 203
653 217
653 221
653 231
653 243
653 262
653 265
653 267
653 280
653 295
653 317
653 324
653 331
653 343
653 361
653 367
653 377
653 388
653 411
653 466
653 470
653 481
653 487
653 500
653 511
653 555
653 565
653 574
653 582
653 583
653 595
653 597
653 608
653 614
653 615
653 634
653 649
653 674
653 683
653 696
653 754
653 766
653 801
653 829
653 840
653 847
653 854
653 863
653 906
653 915
653 923
653 981
653 987
653 993
659 13
659 129
659 130
659 199
659 745
659 800
659 992
662 127
662 151
662 152
662 168
662 217
662 230
662 282
662 296
662 306
662 310
662 315
662 317
662 325
662 339
662 340
662 362
662 389
662 391
662 481
662 534
662 541
662 560
662 582
662 593
662 626
662 679
662 770
662 797
662 811
662 813
662 814
662 831
662 839
662 870
662 874
662 876
662 884
662 890
662 895
662 919
662 959
662 968
662 969
662 974
662 993
674 675
676 54
676 79
676 80
676 86
676 100
676 110
676 115
676 121
676 131
676 135
676 140
676 156
676 194
676 210
676 245
676 246
676 272
676 281
676 290
676 291
676 326
676 338
676 344
676 346
676 362
676 373
676 374
676 396
676 407
676 414
676 426
676 450
676 461
676 486
676 496
676 539
676 543
676 556
676 566
676 595
676 608
676 610
676 613
676 615
676 623
676 631
676 637
676 650
676 664
676 666
676 681
676 694
676 738
676 763
676 767
676 781
676 784
676 805
676 809
676 811
676 845
676 859
676 865
676 869
676 895
676 901
676 905
676 921
676 926
676 933
676 974
678 24
678 72
678 81
678 86
678 89
678 112
678 114
678 115
678 118
678 122
678 126
678 132
678 138
678 155
678 156
678 174
678 179
678 188
678 196
678 202
678 205
678 220
678 227
678 238
678 248
678 275
678 277
678 290
678 310
678 322
678 331
678 332
678 346
678 349
678 400
678 414
678 422
678 430
678 458
678 483
678 506
678 511
678 512
678 543
678 567
678 591
678 592
678 663
678 680
678 692
678 702
678 708
678 712
678 715
678 718
678 721
678 724
678 740
678 741
678 755
678 757
678 762
678 778
678 811
678 847
678 866
678 915
678 939
678 948
678 953
678 954
678 975
678 976
678 983
678 991
679 14
679 25
679 71
679 72
679 76
679 80
679 148
679 161
679 186
679 231
679 286
679 296
679 349
679 355
679 384
679 423
679 449
679 450
679 456
679 493
679 518
679 567
679 598
679 677
679 704
679 712
679 761
679 793
679 825
679 835
679 852
679 855
679 864
679 886
679 900
679 982
686 687
689 12
689 62
689 75
689 209
689 241
689 268
689 433
689 513
689 590
689 610
689 615
689 617
689 640
689 691
689 706
689 758
689 846
689 875
689 941
689 949
694 21
694 27
694 33
694 50
694 87
694 123
694 143
694 149
694 154
694 220
694 246
694 258
694 327
694 335
694 337
694 339
694 354
694 433
694 459
694 493
694 525
694 560
694 583
694 650
694 741
694 756
694 781
694 806
694 897
694 941
694 955
717 57
717 148
717 194
717 232
717 267
717 303
717 368
717 411
717 470
717 484
717 533
717 588
717 738
717 969
717 972
748 122
748 241
748 274
748 345
748 433
748 456
748 457
748 509
748 530
748 564
748 568
748 733
748 820
748 848
748 896
748 901
751 117
751 144
751 176
751 189
751 319
751 390
751 434
751 509
751 648
751 655
751 731
751 783
751 825
751 866
751 898
751 912
751 954
757 63
757 119
757 131
757 173
757 184
757 192
757 193
757 223
757 254
757 264
757 266
757 271
757 278
757 312
757 340
757 372
757 376
757 418
757 424
757 431
757 432
757 468
757 479
757 483
757 490
757 527
757 528
757 535
757 559
757 563
757 568
757 583
757 598
757 617
757 621
757 637
757 641
757 665
757 678
757 693
757 704
757 706
757 716
757 734
757 740
757 756
757 771
757 782
757 785
757 810
757 817
757 821
757 830
757 831
757 834
757 873
757 883
757 897
757 907
757 929
757 940
757 953
757 960
757 991
762 3
762 10
762 47
762 88
762 106
762 113
762 134
762 175
762 190
762 251
762 253
762 270
762 292
762 296
762 310
762 313
762 347
762 352
762 466
762 479
762 484
762 496
762 524
762 538
762 566
762 574
762 605
762 658
762 764
762 783
762 785
762 791
762 800
762 811
762 856
762 882
762 956
762 997
776 777
792 5
792 67
792 88
792 145
792 249
792 280
792 336
792 382
792 459
792 574
792 626
792 644
792 703
792 804
792 809
792 939
792 972
803 7
803 23
803 61
803 85
803 97
803 102
803 117
803 123
803 146
803 155
803 255
803 266
803 274
803 290
803 306
803 343
803 349
803 362
803 370
803 423
803 450
803 463
803 474
803 509
803 510
803 513
803 515
803 529
803 544
803 592
803 602
803 608
803 623
803 626
803 636
803 651
803 697
803 700
803 722
803 723
803 791
803 792
803 802
803 816
803 830
803 905
803 917
803 975
803 980
823 824
856 29
856 68
856 129
856 192
856 207
856 220
856 326
856 400
856 766
856 872
860 861
868 22
868 40
868 112
868 126
868 156
868 195
868 224
868 225
868 230
868 232
868 238
868 258
868 290
868 306
868 316
868 333
868 344
868 349
868 387
868 395
868 415
868 434
868 442
868 454
868 467
868 506
868 511
868 537
868 542
868 553
868 560
868 575
868 590
868 599
868 603
868 643
868 655
868 665
868 667
868 671
868 676
868 699
868 704
868 747
868 753
868 754
868 755
868 798
868 852
868 862
868 885
868 905
868 917
868 938
868 942
868 958
868 968
868 969
868 999
869 0
869 2
869 6
869 17
869 28
869 41
869 93
869 108
869 149
869 156
869 158
869 213
869 218
869 236
869 268
869 295
869 350
869 354
869 365
869 369
869 424
869 433
869 439
869 444
869 462
869 480
869 498
869 522
869 528
869 533
869 571
869 575
869 670
869 676
869 785
869 787
869 805
869 812
869 816
869 868
869 913
869 919
869 938
869 946
877 11
877 18
877 67
877 84
877 136
877 153
877 202
877 203
877 208
877 209
877 214
877 233
877 243
877 250
877 274
877 282
877 289
877 317
877 328
877 330
877 341
877 387
877 436
877 443
877 467
877 468
877 471
877 485
877 549
877 572
877 606
877 616
877 618
877 621
877 634
877 660
877 721
877 757
877 766
877 767
877 776
877 791
877 797
877 847
877 862
877 873
877 895
877 932
877 951
877 955
877 956
877 966
886 887
909 910
913 6
913 29
913 39
913 74
913 98
913 101
913 102
913 117
913 125
913 134
913 146
913 157
913 175
913 196
913 199
913 240
913 246
913 277
913 288
913 320
913 330
913 338
913 340
913 348
913 355
913 364
913 394
913 430
913 442
913 446
913 454
913 459
913 460
913 475
913 492
913 519
913 557
913 558
913 570
913 577
913 578
913 580
913 599
913 601
913 609
913 610
913 620
913 636
913 645
913 647
913 654
913 663
913 674
913 719
913 736
913 750
913 767
913 770
913 775
913 779
913 781
913 799
913 802
913 828
913 829
913 849
913 872
913 919
913 930
913 932
913 947
913 968
913 977
913 985
913 989
913 990
915 916
917 65
917 86
917 95
917 117
917 127
917 158
917 190
917 203
917 223
917 266
917 310
917 324
917 351
917 362
917 383
917 392
917 393
917 394
917 437
917 438
917 446
917 454
917 461
917 476
917 488
917 520
917 555
917 576
917 593
917 671
917 715
917 718
917 735
917 789
917 821
917 847
917 869
917 878
917 890
917 892
917 893
917 895
917 904
917 915
917 940
917 959
917 965
917 971
934 87
934 121
934 125
934 153
934 162
934 173
934 298
934 344
934 389
934 402
934 438
934 472
934 506
934 507
934 509
934 525
934 529
934 546
934 547
934 549
934 562
934 600
934 633
934 654
934 672
934 682
934 697
934 706
934 729
934 769
934 772
934 798
934 821
934 827
934 841
934 901
934 906
934 924
936 937
944 945
955 30
955 36
955 45
955 73
955 109
955 142
955 144
955 146
955 154
955 162
955 193
955 218
955 234
955 244
955 262
955 305
955 332
955 403
955 409
955 441
955 475
955 496
955 521
955 534
955 594
955 599
955 629
955 643
955 661
955 689
955 692
955 716
955 720
955 747
955 750
955 765
955 770
955 835
955 873
955 890
955 897
955 901
955 911
955 952
955 973
955 986
956 56
958 35
958 38
958 68
958 112
958 125
958 189
958 212
958 367
958 395
958 443
958 446
958 454
958 463
958 503
958 525
958 537
958 553
958 556
958 577
958 584
958 691
958 701
958 702
958 718
958 720
958 740
958 757
958 798
958 808
958 873
958 922
958 964
966 967
979 49
979 72
979 124
979 161
979 193
979 206
979 235
979 263
979 384
979 409
979 419
979 443
979 455
979 471
979 576
979 609
979 633
979 638
979 725
979 840
979 853
979 864
979 882
979 901
979 957
979 975
979 993
981 26
981 29
981 31
981 58
981 87
981 91
981 110
981 112
981 126
981 156
981 176
981 191
981 198
981 260
981 276
981 279
981 322
981 333
981 340
981 346
981 349
981 378
981 385
981 394
981 408
981 424
981 431
981 450
981 463
981 465
981 477
981 485
981 518
981 524
981 527
981 542
981 569
981 570
981 590
981 592
981 620
981 629
981 656
981 721
981 724
981 735
981 749
981 752
981 762
981 767
981 805
981 806
981 839
981 852
981 853
981 871
981 874
981 876
981 890
981 897
981 925
981 930
981 939
981 940
981 958
981 982
981 988
983 984
994 995
995 48
995 189
995 335
995 464
