0 0
1 442
1 218
2 431
2 294
2 248
2 311
2 138
2 185
2 323
3 3
4 127
4 20
4 443
4 439
4 432
5 62
5 2
6 338
7 7
8 27
8 477
8 152
8 470
8 133
8 412
9 9
10 169
11 90
11 489
11 209
11 63
12 390
12 222
13 13
14 37
14 304
15 149
15 304
15 347
15 180
15 285
15 96
16 79
17 315
17 426
17 189
17 140
17 206
17 152
17 286
18 18
19 328
19 237
19 150
19 194
19 229
20 185
20 230
21 171
21 232
21 153
22 0
22 291
23 453
23 250
23 6
23 125
24 412
25 276
25 254
25 149
26 431
26 282
27 246
27 200
27 415
27 410
27 219
27 159
27 262
28 24
28 141
28 192
28 370
28 253
28 187
29 231
30 271
30 237
31 267
31 465
31 227
31 442
32 32
33 305
33 48
34 267
34 113
35 272
35 52
35 371
36 256
37 409
37 294
37 416
37 33
37 356
37 393
38 110
39 14
39 40
39 16
40 99
40 408
40 498
41 41
42 42
43 442
43 191
43 42
43 96
43 122
44 381
44 386
44 473
45 130
45 478
46 200
46 159
46 165
46 179
46 283
46 194
47 224
47 130
47 347
48 75
48 431
48 231
48 476
48 328
48 430
48 309
48 46
48 221
48 393
48 305
48 105
48 201
48 356
48 270
49 49
50 346
51 160
51 59
52 305
52 416
53 99
54 397
54 436
55 103
55 283
56 467
56 411
56 12
57 77
58 294
58 194
58 267
58 343
59 198
60 189
60 152
60 230
60 243
61 140
61 286
61 315
61 377
61 262
61 267
62 282
62 138
62 453
63 457
64 465
65 495
65 206
65 349
65 151
66 224
66 138
67 320
68 473
69 382
69 337
70 70
71 48
71 477
71 2
71 138
72 72
73 73
74 306
74 193
74 295
74 492
74 115
75 377
75 315
75 416
75 270
75 494
75 430
75 33
75 431
76 370
76 418
76 469
77 195
77 328
78 78
79 435
79 51
79 95
79 54
80 133
80 72
80 308
80 58
81 194
81 118
81 441
82 491
82 17
82 105
82 328
82 283
82 37
82 75
82 430
82 494
82 183
82 33
82 356
83 389
84 107
85 416
85 52
85 77
86 89
86 40
87 189
87 82
88 88
89 277
90 55
90 81
90 457
91 456
91 325
91 264
91 423
91 351
92 184
93 50
94 60
94 36
95 22
95 32
95 51
96 58
96 283
96 468
96 379
97 402
97 88
98 356
98 118
99 120
99 34
99 23
99 444
99 98
99 77
100 270
100 224
101 283
101 471
101 259
101 18
102 102
103 200
103 246
103 393
103 270
103 250
103 356
104 328
104 219
104 82
104 17
104 267
105 286
105 415
105 237
105 152
105 490
105 179
105 476
105 250
105 33
105 393
105 194
105 37
106 390
106 456
107 26
107 47
107 285
107 316
108 431
108 334
109 274
109 371
110 317
111 318
111 164
111 340
112 460
113 171
113 414
113 114
113 5
113 42
114 27
115 266
116 266
116 117
117 171
117 476
117 420
118 360
118 271
118 230
119 298
119 283
119 290
119 216
120 448
121 121
122 309
123 123
124 444
124 287
125 426
125 274
125 25
126 179
127 350
127 133
127 412
128 322
129 140
129 252
129 414
129 413
130 17
130 101
130 368
131 382
131 27
131 377
132 335
132 38
132 220
133 305
133 476
133 150
133 497
134 379
134 83
135 382
135 377
136 136
137 265
137 423
137 325
138 201
138 231
138 294
138 200
138 477
138 104
139 62
139 494
139 301
139 440
140 286
140 189
140 237
140 491
141 128
141 70
141 81
141 120
141 202
142 87
143 326
143 247
143 468
143 349
144 108
145 145
146 196
146 397
146 213
147 355
147 119
147 65
148 70
149 485
149 260
150 430
150 350
150 377
150 294
150 71
151 218
151 286
152 237
152 140
152 282
152 286
152 294
152 352
152 416
153 481
154 133
154 194
154 240
155 393
155 141
155 443
156 482
156 64
156 274
157 230
157 248
158 323
159 350
159 165
159 246
159 410
159 415
159 200
160 457
161 33
162 162
163 431
163 441
163 468
164 164
165 415
165 350
165 453
165 27
165 246
165 262
165 200
166 452
167 203
168 335
168 234
168 446
169 60
169 45
170 426
170 282
170 430
171 409
171 294
171 311
171 87
171 71
171 255
171 195
171 495
172 296
173 151
173 486
173 364
173 404
173 18
174 174
175 175
176 274
177 324
177 492
178 436
179 37
179 231
179 61
179 267
179 194
179 48
180 308
180 189
181 181
182 80
182 138
182 475
183 415
183 453
183 246
183 200
183 159
183 103
183 105
184 415
185 282
185 189
185 140
185 159
185 352
186 186
187 15
187 114
188 35
188 86
189 315
189 237
189 152
189 377
189 206
189 282
189 286
190 8
190 358
191 131
192 285
192 371
192 216
192 446
193 193
194 350
194 231
194 250
194 393
195 410
195 104
195 214
195 138
195 495
195 218
195 323
195 255
195 87
195 311
195 185
196 409
196 453
196 322
197 409
198 442
198 361
198 288
198 440
199 251
199 328
200 419
201 237
201 262
201 200
201 159
201 179
202 109
202 30
203 70
203 134
203 191
204 453
204 10
205 199
206 286
206 282
206 315
206 426
206 416
206 140
206 377
207 207
208 483
208 275
209 294
209 140
210 496
210 265
211 451
211 348
212 212
213 457
214 262
214 234
215 449
215 260
215 381
215 366
216 201
216 113
216 445
216 355
216 447
217 377
217 72
218 2
218 71
218 495
218 185
218 311
218 323
218 171
218 87
218 497
218 214
219 350
219 410
219 159
219 165
219 200
219 415
219 409
220 200
221 286
221 103
221 393
221 305
221 82
221 490
221 494
221 476
221 201
221 231
221 33
222 145
222 498
223 18
223 11
224 105
224 276
225 416
225 419
225 184
226 226
227 453
227 328
227 353
227 271
227 448
228 228
229 470
229 382
229 479
229 276
229 412
229 170
229 8
229 224
229 133
229 72
230 415
230 250
231 37
231 183
231 201
231 328
232 477
232 226
232 336
233 47
234 453
234 33
234 201
234 476
234 61
234 314
234 490
234 103
234 250
234 183
234 194
234 305
235 235
236 194
236 486
236 232
237 282
237 315
237 286
237 426
237 206
237 17
237 491
238 187
238 278
238 287
239 290
240 475
240 326
240 269
240 155
241 308
242 242
243 17
244 19
245 313
246 262
246 409
246 200
246 453
246 415
246 219
247 311
248 140
248 46
249 367
249 97
250 219
250 221
250 305
250 82
250 37
250 201
251 27
252 298
252 271
252 448
252 227
252 361
252 321
252 31
252 118
252 373
252 308
253 476
253 184
253 379
253 404
253 481
254 105
254 350
255 426
255 315
255 431
255 105
255 476
256 170
257 128
257 151
257 370
257 414
258 402
259 100
259 4
259 81
259 42
260 477
260 481
260 259
261 118
262 453
262 200
262 350
262 415
262 419
262 159
262 219
263 195
263 230
264 264
265 292
266 151
266 110
266 235
266 437
266 357
266 99
266 364
267 350
267 416
267 453
267 305
268 143
268 15
268 47
268 468
268 342
268 288
268 146
269 350
269 477
269 299
270 393
270 267
270 314
270 234
271 138
271 61
271 476
272 98
272 473
273 273
274 376
275 20
276 75
276 453
276 171
276 152
277 44
277 0
277 21
277 100
277 349
278 278
279 279
280 280
281 361
282 17
282 491
282 286
282 140
282 315
282 426
282 294
283 200
283 219
283 453
283 491
283 237
283 140
284 349
284 492
285 350
285 294
286 377
286 294
286 491
287 59
287 54
287 403
287 333
288 405
288 392
288 437
288 260
288 364
289 289
290 48
290 201
291 255
291 145
292 292
293 8
293 276
293 252
293 438
294 17
294 377
294 426
294 140
294 237
294 189
294 206
295 286
296 379
296 169
297 198
297 114
298 314
298 409
298 37
298 335
298 271
299 229
299 328
300 360
301 495
301 477
301 299
302 302
303 343
303 321
304 431
305 152
305 494
306 281
306 325
307 171
308 409
308 33
308 131
308 487
309 415
309 270
309 201
310 310
311 491
311 250
311 497
311 71
311 214
311 323
311 87
311 255
311 495
311 138
311 185
311 248
312 19
312 231
313 182
313 320
313 85
313 119
314 200
314 305
314 476
314 267
314 393
315 286
315 140
315 294
315 152
315 352
315 377
316 476
316 25
317 252
317 130
318 128
319 310
320 168
320 432
320 99
320 6
321 218
321 448
321 230
321 406
322 229
322 83
323 75
323 315
323 283
323 282
323 27
323 185
323 71
324 307
325 463
325 93
326 35
326 257
326 163
327 179
327 204
327 45
328 416
328 27
328 415
328 200
328 270
328 283
329 103
329 11
329 313
330 330
331 331
332 353
333 28
334 37
334 194
334 152
334 252
335 246
335 170
335 465
336 64
337 471
337 451
338 46
338 414
339 339
340 82
341 341
342 141
342 4
343 353
343 496
343 360
344 312
345 345
346 241
347 305
347 80
347 247
348 107
349 470
349 259
350 246
350 409
350 415
350 27
350 200
351 1
352 377
352 286
352 282
352 491
352 416
352 140
352 237
353 298
354 448
354 355
355 491
355 230
356 352
357 34
358 270
358 393
358 334
358 343
358 58
358 360
358 127
359 428
359 336
359 119
359 198
359 389
359 260
359 30
360 476
361 179
361 200
361 60
361 190
362 238
362 193
363 156
364 432
364 389
365 494
365 298
366 359
366 247
366 149
366 226
367 145
367 49
368 182
368 389
368 99
368 202
368 473
369 315
369 334
369 496
369 448
369 60
369 118
369 293
369 361
370 283
371 495
372 195
372 399
372 125
372 392
373 37
373 343
373 424
374 253
375 375
376 46
376 323
376 62
377 17
377 140
377 237
377 152
377 416
377 282
377 426
378 349
378 76
379 496
379 98
380 419
380 132
380 319
381 352
381 432
381 109
381 236
381 439
381 187
382 165
382 276
382 72
382 224
382 470
382 133
383 6
383 149
383 128
384 177
384 93
384 32
384 158
385 385
386 446
386 43
386 83
386 84
386 483
387 416
388 40
388 339
388 460
389 482
389 160
389 313
390 390
391 201
392 134
393 159
393 415
394 394
395 395
396 386
396 399
396 414
396 83
396 313
396 70
397 66
397 268
398 261
398 387
399 140
399 190
399 110
400 34
401 401
402 400
402 177
403 8
404 2
404 369
405 274
405 157
406 150
406 335
406 31
406 190
407 270
407 414
407 232
407 274
408 408
409 415
409 27
409 410
409 262
409 200
409 165
409 159
410 350
410 415
410 246
410 262
410 200
410 165
411 411
412 189
412 416
412 219
413 189
413 37
413 209
414 248
414 19
415 200
416 282
416 426
416 17
416 286
416 315
416 189
416 140
417 224
418 116
419 159
419 409
419 350
419 415
419 27
419 410
419 246
420 358
420 201
421 476
421 346
422 378
423 459
423 337
423 208
423 204
424 71
425 321
425 20
425 449
426 491
426 286
426 140
426 152
426 315
426 352
426 189
427 427
428 470
428 48
428 449
428 338
429 12
429 178
429 49
429 145
429 51
430 27
430 415
430 46
430 179
430 309
430 194
430 283
430 234
431 309
431 103
431 183
432 416
432 107
433 383
433 146
433 420
433 70
433 481
433 397
433 34
434 434
435 268
436 361
437 201
437 133
437 316
438 321
438 448
438 496
438 252
438 361
439 409
439 329
439 215
440 230
440 99
440 129
440 225
440 149
441 31
441 252
442 308
443 293
443 425
443 316
444 104
444 349
445 356
445 140
446 105
446 225
447 2
447 173
447 397
447 30
448 328
448 251
449 224
449 355
450 59
451 451
452 164
452 69
452 390
453 200
453 409
453 415
453 419
453 159
453 350
453 410
454 386
455 455
456 116
457 33
457 352
457 199
458 343
459 253
460 139
461 461
462 462
463 126
463 193
463 384
464 244
465 179
465 170
465 62
466 229
466 382
467 200
467 300
468 342
469 144
470 165
470 309
470 234
470 206
471 298
471 354
472 199
472 169
473 60
474 474
475 31
475 1
476 453
476 61
476 494
476 179
476 75
476 183
476 33
476 431
476 305
476 283
476 103
476 309
476 250
476 393
476 328
477 206
478 478
479 276
479 224
479 470
479 133
480 473
480 12
480 435
481 491
481 14
482 201
482 470
482 251
483 416
483 321
483 191
483 485
484 484
485 308
485 412
485 6
485 225
486 200
486 219
487 323
487 19
487 410
488 488
489 317
489 130
490 159
490 237
490 183
490 267
490 476
490 33
491 294
491 315
491 17
491 377
491 416
491 206
491 189
492 179
492 88
493 493
494 262
494 415
494 419
494 17
494 315
494 219
495 234
495 75
495 189
495 309
495 356
496 412
496 152
496 243
496 227
496 406
497 250
497 283
497 410
497 356
497 105
497 323
497 248
498 469
498 451
499 414
